[2022an]
ra:	190.884333	
dec:	-41.365989

